63,284
63,283
63,282
63,281
63,280
63,279
63,278
63,277
63,276
63,275
63,274
63,273
63,272
63,271
63,270
63,269
63,268
63,267
63,266
63,265
63,264
63,263
63,262
63,261
63,260
63,259
63,258
63,257
63,256
63,255
63,254
63,253
63,252
63,251
63,250
63,249
63,248
63,247
63,246
63,245
63,244
63,243
63,242
63,241
63,240
63,239
63,238
63,237
63,236
63,235
63,234
63,233
63,232
63,231
63,230
63,229
63,228
63,227
63,226
63,225
63,224
63,223
63,222
63,221
63,220
63,219
63,218
63,217
63,216
63,215
63,214
63,213
63,212
63,211
63,210
63,209
63,208
63,207
63,206
63,205
63,204
63,203
63,202
63,201
63,200
63,199
63,198
63,197
63,196
63,195
63,194
63,193
63,192
63,191
63,190
63,189
63,188
63,187
63,186
63,185
63,184
63,183
63,182
63,181
63,180
63,179
63,178
63,177
63,176
63,175
63,174
63,173
63,172
63,171
63,170
63,169
63,168
63,167
63,166
63,165
63,164
63,163
63,162
63,161
63,160
63,159
63,158
63,157
63,156
63,155
63,154
63,153
63,152
63,151
63,150
63,149
63,148
63,147
63,146
63,145
63,144
63,143
63,142
63,141
63,140
63,139
63,138
63,137
63,136
63,135
63,134
63,133
63,132
63,131
63,130
63,129
63,128
63,127
63,126
63,125
63,124
63,123
63,122
63,121
63,120
63,119
63,118
63,117
63,116
63,115
63,114
63,113
63,112
63,111
63,110
63,109
63,108
63,107
63,106
63,105
63,104
63,103
63,102
63,101
63,100
63,99
63,98
63,97
63,96
63,95
63,94
63,93
63,92
63,91
63,90
63,89
63,88
63,87
63,86
63,85
63,84
63,83
63,82
63,81
63,80
63,79
63,78
63,77
63,76
63,75
63,74
63,73
63,72
63,71
63,70
63,69
63,68
63,67
63,66
63,65
63,64
63,35
63,34
63,33
63,32
63,31
63,30
63,29
63,28
63,27
63,26
63,25
63,24
63,23
63,22
63,21
63,20
63,19
63,18
63,17
63,16
63,15
63,14
63,13
63,12
63,11
63,10
63,9
63,8
63,7
63,6
63,5
63,4
63,3
63,2
63,1
63,0
62,293
62,292
62,291
62,290
62,289
62,288
62,287
62,286
62,285
62,284
62,283
62,282
62,281
62,280
62,279
62,278
62,277
62,276
62,275
62,274
62,273
62,272
62,271
62,270
62,269
62,268
62,267
62,266
62,265
62,264
62,263
62,262
62,261
62,260
62,259
62,258
62,257
62,256
62,255
62,254
62,253
62,252
62,251
62,250
62,249
62,248
62,247
62,246
62,245
62,244
62,243
62,242
62,241
62,240
62,239
62,238
62,237
62,236
62,235
62,234
62,233
62,232
62,231
62,230
62,229
62,228
62,227
62,226
62,225
62,224
62,223
62,222
62,221
62,220
62,219
62,218
62,217
62,216
62,215
62,214
62,213
62,212
62,211
62,210
62,209
62,208
62,207
62,206
62,205
62,204
62,203
62,202
62,201
62,200
62,199
62,198
62,197
62,196
62,195
62,194
62,193
62,192
62,191
62,190
62,189
62,188
62,187
62,186
62,185
62,184
62,183
62,182
62,181
62,180
62,179
62,178
62,177
62,176
62,175
62,174
62,173
62,172
62,171
62,170
62,169
62,168
62,167
62,166
62,165
62,164
62,163
62,162
62,161
62,160
62,159
62,158
62,157
62,156
62,155
62,154
62,153
62,152
62,151
62,150
62,149
62,148
62,147
62,146
62,145
62,144
62,143
62,142
62,141
62,140
62,139
62,138
62,137
62,136
62,135
62,134
62,133
62,132
62,131
62,130
62,129
62,128
62,127
62,126
62,125
62,124
62,123
62,122
62,121
62,120
62,119
62,118
62,117
62,116
62,115
62,114
62,113
62,112
62,111
62,110
62,109
62,108
62,107
62,106
62,105
62,104
62,103
62,102
62,101
62,100
62,99
62,98
62,97
62,96
62,95
62,94
62,93
62,92
62,91
62,90
62,89
62,88
62,87
62,86
62,85
62,84
62,83
62,82
62,81
62,80
62,79
62,78
62,77
62,76
62,75
62,74
62,73
62,72
62,71
62,70
62,69
62,68
62,67
62,66
62,65
62,64
62,35
62,34
62,33
62,32
62,31
62,30
62,29
62,28
62,27
62,26
62,25
62,24
62,23
62,22
62,21
62,20
62,19
62,18
62,17
62,16
62,15
62,14
62,13
62,12
62,11
62,10
62,9
62,8
62,7
62,6
62,5
62,4
62,3
62,2
62,1
62,0
61,554
61,553
61,552
61,551
61,550
61,549
61,548
61,547
61,546
61,545
61,544
61,543
61,542
61,541
61,540
61,539
61,538
61,537
61,536
61,535
61,534
61,533
61,532
61,531
61,530
61,529
61,528
61,527
61,526
61,525
61,524
61,523
61,522
61,521
61,520
61,519
61,518
61,517
61,516
61,515
61,514
61,513
61,512
61,511
61,510
61,509
61,508
61,507
61,506
61,505
61,504
61,503
61,502
61,501
61,500
61,499
61,498
61,497
61,496
61,495
61,494
61,493
61,492
61,491
61,490
61,489
61,488
61,487
61,486
61,485
61,484
61,483
61,482
61,481
61,480
61,479
61,478
61,477
61,476
61,475
61,474
61,473
61,472
61,471
61,470
61,469
61,468
61,467
61,466
61,465
61,464
61,463
61,462
61,461
61,460
61,459
61,458
61,457
61,456
61,455
61,454
61,453
61,452
61,451
61,450
61,449
61,448
61,447
61,446
61,445
61,444
61,443
61,442
61,441
61,440
61,439
61,438
61,437
61,436
61,435
61,434
61,433
61,432
61,431
61,430
61,429
61,428
61,427
61,426
61,425
61,424
61,423
61,422
61,421
61,420
61,419
61,418
61,417
61,416
61,415
61,414
61,413
61,412
61,411
61,410
61,409
61,408
61,407
61,406
61,405
61,404
61,403
61,402
61,401
61,400
61,399
61,398
61,397
61,396
61,395
61,394
61,393
61,392
61,391
61,390
61,389
61,388
61,387
61,386
61,385
61,384
61,383
61,382
61,381
61,380
61,379
61,378
61,377
61,376
61,375
61,374
61,373
61,372
61,371
61,370
61,369
61,368
61,367
61,366
61,365
61,364
61,363
61,362
61,361
61,360
61,359
61,358
61,357
61,356
61,355
61,354
61,353
61,352
61,351
61,350
61,349
61,348
61,347
61,346
61,345
61,344
61,343
61,342
61,341
61,340
61,339
61,338
61,337
61,336
61,335
61,334
61,333
61,332
61,331
61,330
61,329
61,328
61,327
61,326
61,325
61,324
61,323
61,322
61,321
61,320
61,319
61,318
61,317
61,316
61,315
61,314
61,313
61,312
61,311
61,310
61,309
61,308
61,307
61,306
61,305
61,304
61,303
61,302
61,301
61,300
61,299
61,298
61,297
61,296
61,295
61,294
61,293
61,292
61,291
61,290
61,289
61,288
61,287
61,286
61,285
61,284
61,283
61,282
61,281
61,280
61,279
61,278
61,277
61,276
61,275
61,274
61,273
61,272
61,271
61,270
61,269
61,268
61,267
61,266
61,265
61,264
61,263
61,262
61,261
61,260
61,259
61,258
61,257
61,256
61,255
61,254
61,253
61,252
61,251
61,250
61,249
61,248
61,247
61,246
61,245
61,244
61,243
61,242
61,241
61,240
61,239
61,238
61,237
61,236
61,235
61,234
61,233
61,232
61,231
61,230
61,229
61,228
61,227
61,226
61,225
61,224
61,223
61,222
61,221
61,220
61,219
61,218
61,217
61,216
61,215
61,214
61,213
61,212
61,211
61,210
61,209
61,208
61,207
61,206
61,205
61,204
61,203
61,202
61,201
61,200
61,199
61,198
61,197
61,196
61,195
61,194
61,193
61,192
61,191
61,190
61,189
61,188
61,187
61,186
61,185
61,184
61,183
61,182
61,181
61,180
61,179
61,178
61,177
61,176
61,175
61,174
61,173
61,172
61,171
61,170
61,169
61,168
61,167
61,166
61,165
61,164
61,163
61,162
61,161
61,160
61,159
61,158
61,157
61,156
61,155
61,154
61,153
61,152
61,151
61,150
61,149
61,148
61,147
61,146
61,145
61,144
61,143
61,142
61,141
61,140
61,139
61,138
61,137
61,136
61,135
61,134
61,133
61,132
61,131
61,130
61,129
61,128
61,127
61,126
61,125
61,124
61,123
61,122
61,121
61,120
61,119
61,118
61,117
61,116
61,115
61,114
61,113
61,112
61,111
61,110
61,109
61,108
61,107
61,106
61,105
61,104
61,103
61,102
61,101
61,100
61,99
61,98
61,97
61,96
61,95
61,94
61,93
61,92
61,91
61,90
61,89
61,88
61,87
61,86
61,85
61,84
61,83
61,82
61,81
61,80
61,79
61,78
61,77
61,76
61,75
61,74
61,73
61,72
61,71
61,70
61,69
61,68
61,67
61,66
61,65
61,64
61,35
61,34
61,33
61,32
61,31
61,30
61,29
61,28
61,27
61,26
61,25
61,24
61,23
61,22
61,21
61,20
61,19
61,18
61,17
61,16
61,15
61,14
61,13
61,12
61,11
61,10
61,9
61,8
61,7
61,6
61,5
61,4
61,3
61,2
61,1
61,0
60,291
60,290
60,289
60,288
60,287
60,286
60,285
60,284
60,283
60,282
60,281
60,280
60,279
60,278
60,277
60,276
60,275
60,274
60,273
60,272
60,271
60,270
60,269
60,268
60,267
60,266
60,265
60,264
60,263
60,262
60,261
60,260
60,259
60,258
60,257
60,256
60,255
60,254
60,253
60,252
60,251
60,250
60,249
60,248
60,247
60,246
60,245
60,244
60,243
60,242
60,241
60,240
60,239
60,238
60,237
60,236
60,235
60,234
60,233
60,232
60,231
60,230
60,229
60,228
60,227
60,226
60,225
60,224
60,223
60,222
60,221
60,220
60,219
60,218
60,217
60,216
60,215
60,214
60,213
60,212
60,211
60,210
60,209
60,208
60,207
60,206
60,205
60,204
60,203
60,202
60,201
60,200
60,199
60,198
60,197
60,196
60,195
60,194
60,193
60,192
60,191
60,190
60,189
60,188
60,187
60,186
60,185
60,184
60,183
60,182
60,181
60,180
60,179
60,178
60,177
60,176
60,175
60,174
60,173
60,172
60,171
60,170
60,169
60,168
60,167
60,166
60,165
60,164
60,163
60,162
60,161
60,160
60,159
60,158
60,157
60,156
60,155
60,154
60,153
60,152
60,151
60,150
60,149
60,148
60,147
60,146
60,145
60,144
60,143
60,142
60,141
60,140
60,139
60,138
60,137
60,136
60,135
60,134
60,133
60,132
60,131
60,130
60,129
60,128
60,127
60,126
60,125
60,124
60,123
60,122
60,121
60,120
60,119
60,118
60,117
60,116
60,115
60,114
60,113
60,112
60,111
60,110
60,109
60,108
60,107
60,106
60,105
60,104
60,103
60,102
60,101
60,100
60,99
60,98
60,97
60,96
60,95
60,94
60,93
60,92
60,91
60,90
60,89
60,88
60,87
60,86
60,85
60,84
60,83
60,82
60,81
60,80
60,79
60,78
60,77
60,76
60,75
60,74
60,73
60,72
60,71
60,70
60,69
60,68
60,67
60,66
60,65
60,64
60,35
60,34
60,33
60,32
60,31
60,30
60,29
60,28
60,27
60,26
60,25
60,24
60,23
60,22
60,21
60,20
60,19
60,18
60,17
60,16
60,15
60,14
60,13
60,12
60,11
60,10
60,9
60,8
60,7
60,6
60,5
60,4
60,3
60,2
60,1
60,0
59,4
59,3
59,2
59,1
59,0
58,3
58,2
58,1
58,0
57,3
57,2
57,1
57,0
16,189
16,186
16,184
16,181
16,178
16,177
16,173
16,172
16,169
16,167
16,164
16,161
16,159
16,156
16,154
16,151
16,148
16,146
16,143
16,142
16,138
16,137
16,134
16,131
16,129
16,126
16,124
16,121
16,118
16,116
16,113
16,112
16,108
16,105
16,104
16,100
16,99
16,96
16,94
16,91
4,3
0,614
0,613
0,612
0,611
0,573
0,564
0,559
0,557
0,553
0,552
0,550
0,549
0,9
55,3
55,2
55,0
37,2807
37,2769
37,1935
37,1889
37,1804
37,1654
37,1521
37,1240
37,1207
37,875
37,833
37,830
37,814
37,791
37,735
37,693
37,619
37,373
37,352
37,340
2,3
1,3
0,495
0,396
0,395
0,388
0,357
0,243
0,0
0,1
0,461
0,300
0,485
0,299
0,483
0,298
0,486
0,297
0,484
0,296
0,477
0,295
0,472
0,294
0,491
0,293
0,464
0,292
0,469
0,291
0,480
0,290
0,476
0,289
0,482
0,288
0,481
0,287
0,479
0,286
0,468
0,285
0,460
0,284
0,475
0,283
0,368
0,282
0,373
0,281
0,350
0,280
0,474
0,279
0,463
0,278
0,362
0,277
0,361
0,276
0,467
0,275
0,341
0,274
0,451
0,273
16,191
16,194
16,199
16,202
16,207
16,208
16,215
16,219
16,221
16,227
16,229
16,234
16,238
16,242
16,246
16,249
16,254
16,257
16,262
16,267
16,270
16,275
16,276
16,281
16,288
16,289
16,294
16,297
16,302
16,305
16,310
16,314
16,318
16,322
16,324
16,330
16,335
16,337
16,341
16,345
16,349
16,352
16,357
16,362
16,365
16,370
16,373
16,378
16,383
16,384
16,391
16,392
16,397
16,403
16,405
16,410
16,413
16,417
16,421
16,425
16,430
16,433
16,438
16,440
16,444
16,451
16,452
16,457
16,460
16,465
16,468
16,473
16,478
16,481
16,486
16,487
16,494
16,498
16,500
16,506
16,508
16,513
16,516
16,521
16,525
16,528
16,533
16,536
16,541
16,546
16,547
16,554
16,555
16,560
16,566
16,568
16,573
16,576
16,581
16,584
16,589
16,593
16,597
16,601
16,603
16,609
16,614
16,616
16,620
16,624
16,628
16,631
16,636
16,641
16,644
16,649
16,650
16,657
16,662
16,663
16,670
16,671
16,676
16,679
16,684
16,689
16,692
16,696
16,700
16,704
16,709
16,712
16,717
16,719
16,723
16,727
16,731
16,736
16,739
16,744
16,747
16,752
16,757
16,760
16,765
16,766
16,773
16,777
16,779
16,784
16,787
16,792
16,795
16,800
16,804
16,807
16,812
16,814
16,820
16,825
16,826
16,897
16,898
16,903
16,906
16,911
16,916
16,919
16,924
16,927
16,932
16,936
16,940
16,944
16,946
16,951
16,954
16,959
16,963
16,967
16,971
16,974
16,979
16,984
16,987
16,992
16,993
16,1000
16,1005
16,1006
16,1712
16,3797
29,3
29,6
29,9
29,12
29,14
29,17
29,19
29,22
29,25
29,26
29,30
29,31
29,34
29,64
29,67
29,70
29,73
33,3
33,6
33,9
33,12
33,14
33,17
33,18
33,2083
33,2545
33,4009
37,4
37,12
37,32
37,38
37,105
37,141
37,171
37,205
37,217
37,267
37,277
37,286
37,319
37,323
37,335
37,341
37,349
37,361
37,363
37,393
37,399
37,413
37,430
37,433
37,448
37,457
37,466
37,476
37,485
37,494
37,500
37,520
37,526
37,585
37,607
37,610
37,623
37,635
37,639
37,650
37,690
37,710
37,721
37,739
37,745
37,756
37,767
37,774
37,797
37,800
37,809
37,823
37,831
37,839
37,842
37,855
37,857
37,870
37,877
37,879
37,895
37,900
37,910
37,923
37,929
37,935
37,939
37,943
37,945
37,959
37,966
37,970
37,981
37,989
37,1001
37,1007
37,1013
37,1022
37,1024
37,1030
37,1031
37,1043
37,1049
37,1051
37,1060
37,1067
37,1079
37,1092
37,1094
37,1098
37,1102
37,1107
37,1111
37,1119
37,1128
37,1133
37,1143
37,1146
37,1160
37,1166
37,1169
37,1177
37,1183
37,1191
37,1195
37,1200
37,1206
37,1208
37,1215
37,1216
37,1221
37,1231
37,1233
37,1241
37,1242
37,1246
37,1254
37,1258
37,1265
37,1269
37,1277
37,1279
37,1288
37,1295
37,1296
37,1303
37,1305
37,1310
37,1317
37,1319
37,1325
37,1331
37,1335
37,1340
37,1344
37,1349
37,1351
37,1354
37,1356
37,1359
37,1364
37,1367
37,1371
37,1376
37,1379
37,1382
37,1388
37,1394
37,1397
37,1401
37,1402
37,1410
37,1414
37,1415
37,1422
37,1426
37,1431
37,1436
37,1438
37,1443
37,1446
37,1453
37,1455
37,1461
37,1464
37,1465
37,1469
37,1470
37,1477
37,1482
37,1483
37,1487
37,1490
37,1495
37,1499
37,1504
37,1508
37,1511
37,1514
37,1515
37,1520
37,1526
37,1529
37,1533
37,1537
37,1542
37,1545
37,1550
37,1554
37,1555
37,1559
37,1561
37,1566
37,1572
37,1575
37,1581
37,1585
37,1589
37,1593
37,1596
37,1603
37,1604
37,1611
37,1613
37,1619
37,1625
37,1627
37,1631
37,1634
37,1638
37,1645
37,1647
37,1653
37,1656
37,1659
37,1661
37,1666
37,1673
37,1675
37,1679
37,1684
37,1688
37,1694
37,1696
37,1701
37,1704
37,1709
37,1710
37,1715
37,1719
37,1720
37,1726
37,1727
37,1732
37,1739
37,1744
37,1750
37,1755
37,1763
37,1767
37,1772
37,1779
37,1780
37,1787
37,1788
37,1792
37,1801
37,1802
37,1808
37,1812
37,1818
37,1823
37,1825
37,1830
37,1832
37,1837
37,1839
37,1846
37,1851
37,1852
37,1855
37,1858
37,1863
37,1867
37,1871
37,1877
37,1880
37,1885
37,1886
37,1894
37,1902
37,1904
37,1910
37,1911
37,1917
37,1921
37,1923
37,1928
37,1930
37,1934
37,1936
37,1941
37,1947
37,1948
37,1953
37,1954
37,1961
37,1966
37,1969
37,1972
37,1975
37,1980
37,1986
37,1989
37,1993
37,1996
37,1999
37,2000
37,2007
37,2011
37,2012
37,2016
37,2019
37,2023
37,2027
37,2032
37,2037
37,2039
37,2044
37,2045
37,2053
37,2057
37,2058
37,2063
37,2065
37,2068
37,2072
37,2073
37,2076
37,2079
37,2083
37,2085
37,2088
37,2094
37,2097
37,2100
37,2101
